all_cpu_busy-cpu_00=13.133571
all_cpu_busy-cpu_01=34.432857
all_cpu_busy-cpu_02=12.799286
all_cpu_busy-cpu_03=37.282857
all_cpu_busy-cpu_04=12.132143
all_cpu_busy-cpu_05=36.692143
all_cpu_busy-cpu_06=12.892143
all_cpu_busy-cpu_07=33.992857
all_cpu_busy-cpu_08=52.241429
all_cpu_busy-cpu_09=36.864286
all_cpu_busy-cpu_10=22.579286
all_cpu_busy-cpu_11=36.229286
all_cpu_busy-cpu_12=17.850000
all_cpu_busy-cpu_13=35.585714
all_cpu_busy-cpu_14=13.944286
all_cpu_busy-cpu_15=36.082143
all_cpu_busy-cpu_16=14.122857
all_cpu_busy-cpu_17=33.222857
all_cpu_busy-cpu_18=12.832143
all_cpu_busy-cpu_19=35.442143
all_cpu_busy-cpu_20=2.249286
all_cpu_busy-cpu_21=6.860714
all_cpu_busy-cpu_22=2.363571
all_cpu_busy-cpu_23=8.469286
all_cpu_busy-cpu_24=1.624286
all_cpu_busy-cpu_25=8.025714
all_cpu_busy-cpu_26=2.007857
all_cpu_busy-cpu_27=8.261429
all_cpu_busy-cpu_28=1.242857
all_cpu_busy-cpu_29=7.150714
all_cpu_busy-cpu_30=1.432143
all_cpu_busy-cpu_31=6.987143
all_cpu_busy-cpu_32=1.937857
all_cpu_busy-cpu_33=7.240714
all_cpu_busy-cpu_34=1.575000
all_cpu_busy-cpu_35=8.422143
all_cpu_busy-cpu_36=2.824286
all_cpu_busy-cpu_37=8.106429
all_cpu_busy-cpu_38=4.708571
all_cpu_busy-cpu_39=9.426429
frequency_MHz-cpu_00=3299.871429
frequency_MHz-cpu_01=3299.897143
frequency_MHz-cpu_02=3299.888571
frequency_MHz-cpu_03=3299.880000
frequency_MHz-cpu_04=3299.922143
frequency_MHz-cpu_05=3299.888571
frequency_MHz-cpu_06=3299.897143
frequency_MHz-cpu_07=3299.905714
frequency_MHz-cpu_08=3299.948571
frequency_MHz-cpu_09=3299.897143
frequency_MHz-cpu_10=3299.905714
frequency_MHz-cpu_11=3299.905714
frequency_MHz-cpu_12=3299.922857
frequency_MHz-cpu_13=3299.880000
frequency_MHz-cpu_14=3299.888571
frequency_MHz-cpu_15=3299.897143
frequency_MHz-cpu_16=3299.905714
frequency_MHz-cpu_17=3299.888571
frequency_MHz-cpu_18=3299.905000
frequency_MHz-cpu_19=3299.905714
frequency_MHz-cpu_20=3299.913571
frequency_MHz-cpu_21=3299.948571
frequency_MHz-cpu_22=3299.914286
frequency_MHz-cpu_23=3299.922857
frequency_MHz-cpu_24=3299.862857
frequency_MHz-cpu_25=3299.914286
frequency_MHz-cpu_26=3299.922857
frequency_MHz-cpu_27=3299.897143
frequency_MHz-cpu_28=3299.931429
frequency_MHz-cpu_29=3299.939286
frequency_MHz-cpu_30=3299.880000
frequency_MHz-cpu_31=3299.888571
frequency_MHz-cpu_32=3299.888571
frequency_MHz-cpu_33=3299.922857
frequency_MHz-cpu_34=3299.914286
frequency_MHz-cpu_35=3299.931429
frequency_MHz-cpu_36=3299.896429
frequency_MHz-cpu_37=3299.922857
frequency_MHz-cpu_38=3299.880714
frequency_MHz-cpu_39=3299.888571
