cpu14-guest=3.497143
cpu14-idle=86.009286
cpu14-iowait=0.000000
cpu14-irq=0.000000
cpu14-nice=0.000000
cpu14-softirq=0.024286
cpu14-steal=0.000000
cpu14-sys=7.288571
cpu14-usr=3.178571
