cpu12-guest=4.046429
cpu12-idle=82.147143
cpu12-iowait=0.000000
cpu12-irq=0.000000
cpu12-nice=0.000000
cpu12-softirq=0.000000
cpu12-steal=0.000000
cpu12-sys=8.526429
cpu12-usr=5.277857
