cpu23-guest=2.694286
cpu23-idle=91.504286
cpu23-iowait=0.000000
cpu23-irq=0.000000
cpu23-nice=0.000000
cpu23-softirq=0.048571
cpu23-steal=0.000000
cpu23-sys=3.435714
cpu23-usr=2.315714
