cpu6-guest=5.933571
cpu6-idle=87.105714
cpu6-iowait=0.000000
cpu6-irq=0.000000
cpu6-nice=0.000000
cpu6-softirq=0.000000
cpu6-steal=0.000000
cpu6-sys=6.104286
cpu6-usr=0.853571
